# 96 edges, 0-based vertex indices, one pair per line.
0 5
0 7
0 9
0 14
0 20
0 22
0 24
0 29
1 6
1 8
1 12
1 21
1 23
1 27
2 7
2 9
2 10
2 22
2 24
2 25
3 8
3 11
3 12
3 14
3 23
3 26
3 27
3 29
4 9
4 10
4 12
4 13
4 24
4 25
4 27
4 28
5 10
5 11
5 15
5 25
5 26
6 11
6 13
6 14
6 16
6 26
6 28
6 29
7 12
7 13
7 15
7 17
7 27
7 28
8 13
8 16
8 18
8 28
9 15
9 17
9 19
10 14
10 17
10 19
10 20
10 29
11 18
11 20
11 21
12 16
12 18
12 19
12 22
13 19
13 21
13 22
13 23
14 15
14 18
14 21
14 25
15 30
16 30
17 30
18 30
19 30
20 30
21 30
22 30
23 30
24 30
25 30
26 30
27 30
28 30
29 30
