# 228-vertex faithful unit-distance graph on S^2(r), r^2=(5+sqrt5)/8; 0-based vertex indices
228 910
0 2
0 4
0 6
0 8
0 9
0 30
0 46
0 70
0 101
0 151
0 207
0 208
0 209
1 3
1 4
1 6
1 10
1 11
1 49
1 71
1 111
2 5
2 7
2 8
2 9
2 50
2 58
2 73
3 5
3 7
3 10
3 11
3 26
3 31
3 37
3 78
3 147
3 197
3 210
4 6
4 8
4 10
4 16
4 43
4 53
4 56
4 57
4 59
4 64
4 65
4 79
4 81
4 94
4 122
4 130
4 163
4 191
4 200
5 7
5 8
5 10
5 17
5 29
5 41
5 42
5 68
5 69
6 9
6 11
6 18
6 24
6 25
6 44
6 51
6 52
7 9
7 11
7 19
7 27
7 28
7 36
7 39
7 40
7 55
7 63
7 72
7 82
7 88
7 119
7 133
7 155
7 158
7 188
8 10
8 54
8 66
8 117
9 11
9 21
9 32
9 33
9 38
9 60
9 61
9 76
9 85
9 160
9 180
10 22
10 34
10 35
10 47
10 48
10 67
10 113
10 114
10 140
10 185
11 45
11 62
11 74
12 14
12 16
12 18
12 20
12 21
12 59
12 93
12 196
12 204
12 206
12 211
12 212
13 15
13 16
13 18
13 22
13 23
13 67
13 80
13 145
13 166
13 213
13 214
14 17
14 19
14 20
14 21
14 38
14 125
14 176
14 205
14 215
14 216
15 17
15 19
15 22
15 23
15 63
15 109
15 153
15 159
15 217
15 218
16 18
16 20
16 22
16 30
16 39
16 40
16 64
16 65
16 66
16 95
16 112
16 115
16 137
16 142
16 182
16 189
17 19
17 20
17 22
17 31
17 50
17 51
17 52
17 53
17 54
17 68
17 69
17 75
17 83
17 87
17 92
17 105
17 106
17 123
17 132
17 141
17 152
17 154
17 168
17 172
17 187
17 201
17 202
18 21
18 23
18 24
18 25
18 41
18 42
18 45
18 46
18 49
18 55
18 84
18 89
18 104
18 107
18 110
18 118
18 126
18 127
18 129
18 131
18 157
18 164
18 169
18 173
18 179
19 21
19 23
19 27
19 28
19 37
19 56
19 57
19 62
19 96
19 97
19 121
19 124
19 138
19 139
19 143
19 192
20 22
20 43
20 108
20 194
20 195
20 219
20 220
21 23
21 29
21 32
21 33
21 47
21 48
21 58
21 70
21 77
21 86
21 91
21 100
21 103
21 128
21 148
21 171
21 175
21 184
21 198
21 203
22 26
22 34
22 35
22 44
22 60
22 61
22 71
22 90
22 98
22 99
22 102
22 120
22 149
22 150
22 167
22 170
22 190
22 193
22 199
23 36
23 116
23 161
23 162
23 178
23 221
23 222
24 42
24 52
24 68
24 76
24 161
24 204
24 223
25 41
25 51
25 69
25 86
25 94
25 145
26 98
26 102
26 148
26 175
27 40
27 57
27 64
27 91
27 159
28 39
28 56
28 65
28 105
28 178
28 197
29 120
29 184
29 198
29 199
30 95
30 112
30 143
30 192
31 87
31 92
31 127
31 157
32 34
32 48
32 61
32 96
32 196
33 35
33 47
33 60
33 72
33 107
33 151
33 162
33 176
33 224
33 225
34 48
34 61
34 75
34 79
34 147
34 166
35 47
35 60
35 112
35 153
36 82
36 89
36 119
36 130
36 191
37 96
37 97
37 182
37 189
38 76
38 85
38 87
38 140
38 185
39 40
39 41
39 65
39 74
39 85
39 99
39 108
39 177
39 186
40 61
40 64
40 78
40 93
40 100
40 104
40 134
40 146
41 42
41 69
41 77
41 116
41 117
41 177
41 186
42 48
42 68
42 73
42 80
42 88
42 95
42 156
42 174
43 92
43 94
43 122
43 155
43 158
44 100
44 170
44 171
44 193
45 110
45 118
45 132
45 154
46 84
46 89
46 141
46 187
47 48
47 56
47 78
47 93
47 118
47 135
47 136
48 83
48 111
48 121
48 122
48 125
48 156
48 174
49 104
49 107
49 152
49 168
50 75
50 123
50 164
50 179
51 52
51 60
51 69
51 81
51 97
51 111
51 125
51 144
51 165
52 57
52 68
52 74
52 102
52 108
52 181
52 183
53 126
53 201
53 202
54 105
54 106
54 131
54 173
55 83
55 129
55 169
55 172
56 57
56 65
56 101
56 109
56 120
56 123
56 135
56 136
57 64
57 103
57 114
57 116
57 117
57 181
57 183
58 86
58 103
58 150
58 190
59 79
59 81
59 133
59 188
60 61
60 73
60 80
60 82
60 115
60 144
60 165
61 101
61 106
61 109
61 134
61 146
62 121
62 124
62 137
62 142
63 72
63 88
63 163
63 200
64 110
64 195
64 207
65 98
65 206
66 115
66 138
66 139
67 84
67 113
67 114
67 160
67 180
68 90
68 119
68 205
69 113
69 124
69 194
69 226
69 227
70 77
70 91
70 149
70 167
71 90
71 99
71 128
71 203
72 81
72 163
72 188
73 80
73 131
73 149
73 165
73 174
74 108
74 168
74 183
74 186
74 189
75 104
75 152
75 164
75 226
76 114
76 140
76 180
77 98
77 167
77 175
78 93
78 128
78 134
78 136
78 142
78 151
78 207
78 210
79 88
79 133
79 200
80 144
80 156
80 171
80 176
80 205
80 213
80 214
81 163
81 188
82 94
82 130
82 158
83 169
83 172
83 201
84 92
84 115
84 141
84 157
85 113
85 160
85 185
86 99
86 190
86 203
87 89
87 121
87 127
87 187
88 133
88 200
89 103
89 127
89 187
90 103
90 128
90 150
91 102
91 148
91 149
91 224
92 99
92 141
92 157
93 135
93 140
93 146
93 153
93 158
93 159
93 211
93 212
94 130
94 158
95 96
95 143
95 189
96 143
96 189
97 112
97 182
97 192
98 167
98 175
99 190
99 203
100 170
100 171
100 184
101 109
101 135
101 138
101 146
101 147
101 190
101 197
101 208
101 209
102 148
102 149
103 128
103 150
103 225
104 152
104 164
105 118
105 131
105 132
106 110
106 154
106 173
106 227
107 123
107 168
107 179
107 223
108 126
108 133
108 161
108 177
108 178
108 181
108 219
108 220
109 134
109 136
109 160
109 191
109 196
109 206
109 217
109 218
110 154
110 173
111 125
111 144
111 154
111 156
111 175
112 182
112 192
113 160
113 185
114 140
114 180
115 124
115 139
115 142
116 117
116 163
116 172
116 183
116 186
116 194
116 195
116 221
116 222
117 164
117 177
117 181
117 192
118 131
118 132
119 122
119 155
119 191
120 193
120 198
120 199
121 137
121 138
122 155
122 191
123 168
123 179
124 139
124 142
125 145
125 165
125 166
125 174
125 199
125 215
125 216
126 169
126 201
127 148
127 157
127 186
128 203
128 215
129 172
129 198
129 202
130 151
130 183
130 191
131 173
131 222
132 154
132 176
132 183
133 188
133 210
134 136
134 182
135 143
135 146
136 148
136 200
137 142
137 186
137 196
138 139
138 221
139 153
139 181
140 185
141 167
141 181
141 187
142 220
143 161
143 187
143 192
144 152
144 156
144 180
145 166
145 167
145 202
145 214
145 216
146 167
146 188
147 155
147 197
147 209
147 210
148 175
148 205
149 167
149 217
150 159
150 165
150 190
151 207
151 208
152 168
152 195
153 159
153 198
153 212
153 218
154 219
155 158
155 177
156 157
156 203
157 182
159 211
159 217
160 180
161 178
161 219
161 221
161 226
162 166
162 193
162 224
163 200
163 208
164 179
164 213
165 174
165 187
165 224
166 173
166 213
166 215
166 224
168 216
169 201
169 205
170 184
170 196
170 199
170 201
171 193
171 198
172 202
173 177
174 179
174 185
175 212
176 205
176 214
176 216
176 225
177 181
177 226
178 179
178 220
178 222
180 207
182 189
182 194
183 186
183 223
184 199
185 197
189 211
190 214
192 218
193 198
194 195
194 204
194 220
194 222
194 223
194 227
195 219
195 221
196 206
196 211
196 217
197 208
201 204
203 206
204 223
204 227
205 213
205 215
206 212
206 218
207 209
207 210
209 210
211 217
212 218
213 215
214 216
219 221
220 222
224 225
226 227
