276 1025
0 1
0 2
0 4
0 5
0 9
0 10
0 18
0 19
0 62
0 81
0 99
0 100
0 152
0 153
0 154
0 212
0 213
0 258
1 2
1 3
1 7
1 18
1 20
1 26
1 27
1 40
1 63
1 64
1 65
1 90
1 101
1 102
1 103
1 104
1 105
1 155
2 3
2 8
2 9
2 11
2 12
2 13
2 21
2 28
2 41
2 58
2 106
2 107
2 108
2 146
2 156
2 157
2 158
2 214
2 215
2 216
2 217
2 259
3 6
3 7
3 11
3 14
3 15
3 22
3 29
3 30
3 31
3 66
3 159
3 160
3 218
3 219
3 220
3 221
4 5
4 6
4 7
4 12
4 16
4 19
4 23
4 24
4 32
4 42
4 43
4 109
4 147
5 6
5 8
5 10
5 17
5 33
5 34
5 44
5 67
5 68
5 89
5 110
5 111
5 112
6 8
6 14
6 22
6 23
6 25
6 35
6 36
6 37
6 69
6 96
6 113
6 161
7 15
7 16
7 20
7 24
7 45
7 77
7 114
7 162
7 163
7 222
8 13
8 17
8 21
8 25
8 52
8 70
8 71
8 115
8 116
8 136
8 164
8 165
8 208
8 223
8 253
9 13
9 14
9 34
9 37
9 46
9 47
9 62
9 72
9 73
9 117
9 148
9 149
9 166
9 167
9 209
9 224
10 33
10 47
10 97
11 35
11 41
11 48
11 66
11 74
11 114
11 118
11 119
11 120
11 152
11 168
11 169
11 170
11 171
11 206
11 225
12 16
12 21
12 28
12 31
12 32
12 36
12 48
12 49
12 50
12 59
12 172
12 173
12 254
13 32
13 33
13 42
13 51
13 52
13 75
13 76
13 101
13 120
13 166
13 174
13 175
13 176
13 226
13 227
13 273
14 19
14 29
14 37
14 38
14 39
14 53
14 56
14 60
14 63
14 68
14 121
14 122
14 148
15 28
15 30
15 38
15 49
15 57
15 77
15 177
16 31
16 78
16 79
16 138
17 34
17 39
17 51
17 53
17 54
18 26
18 46
18 61
18 80
18 88
18 154
18 178
18 219
18 228
18 260
19 24
19 27
19 29
19 61
19 81
19 122
19 123
20 27
20 38
20 55
20 56
20 214
20 222
20 228
21 36
21 65
21 72
21 78
21 82
21 83
21 84
21 115
21 124
21 125
21 150
21 171
21 179
21 229
21 255
22 31
22 36
22 40
22 44
22 57
22 85
22 95
22 118
22 126
22 127
23 30
23 43
23 50
23 69
23 93
24 26
24 28
24 45
24 55
24 58
24 86
24 87
25 32
25 35
25 39
25 59
25 70
25 84
25 98
25 180
25 195
25 210
26 58
26 61
26 86
26 102
26 128
26 230
26 245
27 29
27 55
27 103
27 181
27 200
28 46
28 49
28 58
28 71
28 88
28 105
28 129
28 177
28 182
28 183
29 43
29 44
29 45
29 89
30 31
30 43
30 74
30 90
31 50
31 126
32 42
32 59
32 110
32 130
32 150
32 174
32 210
33 42
33 47
33 75
33 112
33 151
34 37
34 51
34 73
34 91
34 111
34 184
35 36
35 41
35 67
35 82
35 92
35 93
35 170
35 185
35 186
35 199
35 231
35 232
36 48
36 60
36 92
36 124
36 129
36 131
36 187
36 233
36 256
37 40
37 41
37 52
37 54
37 64
37 91
37 94
37 96
37 137
37 234
38 40
38 56
38 57
39 44
39 53
39 54
39 60
39 98
40 41
40 57
40 64
40 74
40 90
40 95
40 184
40 235
41 70
41 82
41 94
41 95
41 106
41 132
41 188
41 261
41 262
41 263
42 58
42 62
42 78
42 83
42 97
42 109
42 133
42 134
42 151
43 44
43 77
43 85
44 67
44 85
44 89
44 93
45 79
45 87
45 135
46 65
46 71
46 72
46 80
46 88
46 136
46 149
46 189
46 190
47 73
47 117
47 137
47 193
48 50
48 66
48 127
48 130
48 131
48 138
48 225
48 236
48 274
49 65
49 66
49 104
49 237
50 69
51 75
51 76
51 133
51 139
51 191
52 76
52 83
52 91
52 94
52 145
52 165
52 192
52 235
52 238
52 250
53 68
53 73
54 96
54 98
54 116
54 238
55 86
55 87
56 63
58 78
58 79
58 80
58 81
58 128
58 134
58 146
58 237
58 239
59 69
59 84
59 92
59 140
59 141
60 85
61 123
61 189
62 64
62 99
62 117
62 134
62 142
62 143
62 151
63 64
63 100
63 103
63 123
63 143
63 148
63 178
64 108
64 114
64 119
64 137
64 142
64 143
64 181
64 193
65 66
65 72
65 101
65 104
65 120
65 125
65 190
65 240
65 241
65 264
66 125
66 127
66 160
66 194
66 261
66 265
66 271
67 93
67 98
68 89
68 99
68 111
68 117
68 122
69 131
69 140
69 161
70 94
70 116
70 132
70 195
71 125
71 136
71 144
71 183
71 196
71 254
72 144
72 175
72 208
72 242
72 243
72 255
73 108
73 142
73 197
74 90
74 114
74 126
74 163
74 168
74 194
75 107
75 145
76 110
76 112
76 139
76 157
76 205
77 104
77 198
78 79
78 83
78 130
78 138
79 135
79 147
80 99
80 146
80 149
81 89
81 100
81 123
81 128
81 134
82 115
82 132
82 144
82 180
82 196
82 199
82 229
83 107
83 129
83 133
83 145
83 150
83 182
83 191
83 192
84 124
84 141
84 179
84 186
86 88
86 135
86 147
87 102
87 105
88 105
88 173
90 200
91 106
91 108
91 139
91 176
91 201
91 244
92 95
92 140
92 141
92 211
92 231
92 233
94 119
94 121
94 202
94 203
95 113
95 118
95 121
95 211
96 113
96 116
96 132
97 100
97 109
99 100
99 122
99 146
100 109
100 148
101 120
101 149
101 155
101 212
101 230
101 266
101 273
102 105
102 189
102 190
102 218
103 123
103 158
103 162
104 105
104 152
104 159
104 169
104 198
104 243
104 245
104 268
105 177
105 198
106 108
106 153
106 165
106 185
106 188
106 204
106 221
106 226
106 257
107 145
107 146
107 151
107 157
107 167
107 182
107 205
108 119
108 142
108 156
108 176
108 197
108 203
108 246
109 128
109 147
110 112
110 165
110 210
111 117
113 121
113 132
113 199
113 202
113 211
114 119
114 158
114 162
114 163
114 181
114 185
114 200
114 204
115 120
115 164
115 172
115 180
115 188
115 206
115 247
115 248
115 252
116 150
116 165
116 174
117 156
117 246
118 168
118 170
118 187
119 203
120 152
120 153
120 175
120 188
120 206
120 264
120 267
120 275
121 184
121 202
123 178
124 130
124 186
124 217
124 247
125 131
125 171
125 183
125 196
125 266
125 268
126 127
126 168
126 194
127 240
128 147
129 182
129 207
129 215
129 256
130 138
131 140
131 187
133 191
134 182
135 147
136 146
136 166
136 172
136 173
136 205
136 208
136 249
137 193
137 197
137 234
137 250
139 201
139 244
141 161
142 204
143 154
143 156
143 158
144 164
144 196
144 242
145 207
146 151
146 173
146 207
146 209
146 249
148 184
148 193
149 155
149 209
149 213
150 174
150 179
150 192
150 195
150 248
151 167
152 153
152 169
152 218
152 230
152 236
152 245
152 269
153 166
153 212
153 219
153 221
153 246
153 257
153 270
153 275
154 158
154 178
154 213
154 230
155 189
155 213
155 243
156 158
156 219
156 246
156 251
156 258
156 260
156 263
157 172
157 192
157 205
157 215
157 239
157 252
157 253
158 162
158 204
158 214
158 228
159 160
159 169
159 220
160 163
160 194
160 216
160 236
160 269
161 233
162 251
163 214
163 216
164 192
164 215
164 223
164 242
164 248
165 188
165 210
165 238
166 167
166 176
166 205
166 246
166 249
166 257
167 224
168 216
168 232
169 240
170 187
170 259
170 271
171 206
171 225
171 229
171 231
171 233
172 173
172 237
172 239
172 247
172 252
172 254
174 191
175 188
175 223
175 226
175 238
175 255
175 272
176 197
176 227
176 244
177 190
177 241
179 195
179 215
179 256
180 195
180 267
181 200
183 241
184 193
184 235
184 250
185 204
185 216
185 232
185 251
186 199
186 231
187 233
189 190
189 243
190 241
192 215
195 248
197 234
198 218
198 220
198 222
199 206
199 211
200 222
201 226
201 227
202 235
203 234
205 208
206 221
206 274
207 215
208 227
208 242
208 253
208 272
209 224
209 249
212 224
212 246
212 258
212 273
213 258
214 216
214 220
214 228
214 261
214 265
215 217
215 247
215 256
216 232
216 251
216 259
216 271
217 237
217 247
218 219
218 220
218 222
218 228
218 269
219 221
219 228
219 260
219 261
219 263
220 265
221 236
221 262
221 274
223 253
223 255
224 273
225 233
225 240
225 262
225 264
226 227
226 257
226 272
227 270
227 275
229 231
229 254
229 264
229 267
230 245
234 244
235 250
236 269
236 274
237 239
238 272
239 249
240 264
243 266
243 268
244 257
247 254
252 253
253 272
255 266
255 267
257 263
258 260
259 271
261 262
261 263
261 265
261 271
262 271
264 267
266 267
266 268
270 273
270 275
